   1         "t+uw"   12   24.551685  30.453445 149.624542
   2         "t-uw"   12   91.736824 251.154495  28.420441
   3           "sp"  256  1487.890381
   4         "aw+t"    4   29.136114  28.579636  16.838518
   5         "aw-t"    4    6.129263   4.977326   8.052736
   6     "ay-ae+ng"   28  102.461929 124.961006 222.299469
   7         "l-uw"   12   31.373642  64.022064  29.456707
   8       "g-ah+l"   28   50.489830  56.144958  73.849754
   9       "k-ah+l"   28  217.426620  90.268921  76.750275
  10       "r-eh+d"   12  100.769714  53.164864  80.489326
  11         "th+r"   12  142.532089  57.396778  45.521469
  12      "th-r+iy"   12   14.551070  15.042816  13.201743
  13       "r-ey+s"   12   15.995317  54.715458  94.028275
  14       "z-uw+m"    8   23.519144 126.880913  11.493460
  15       "w-ah+n"   12   59.978409  43.315811  56.347778
  16      "ng-g+ah"   28   40.781792  39.360264  94.256767
  17       "d-r+ao"   36   52.967400  51.130226  36.947083
  18         "f+ih"   36  541.080627 143.195374 185.325348
  19         "w+ah"   12   46.312126  35.928764  38.353539
  20          "b+l"   12  147.475433  55.680882  36.646191
  21          "d+r"   36  454.130035 349.451691  76.639450
  22          "g+r"   12  136.549164  55.161621  27.795692
  23         "uw-m"    8   71.140617  48.140335 179.416458
  24      "r-ay+ae"   28   65.236671  95.892517  94.335121
  25         "eh-d"   12   51.066143 129.652588  26.377131
  26         "eh-r"   28   40.519299  54.793144  61.326824
  27          "s+k"   28   55.301426 118.569283 313.377899
  28          "t+r"   28   54.252884 178.682693 283.451996
  29          "sil"  184  4260.016113 1487.890381 959.532532
  30         "ey-s"   12   22.867498  38.775547  38.460270
  31       "f-ih+l"   36   77.724838 162.630707 151.723587
  32       "k-w+eh"   28   91.200043  98.373840 124.835266
  33       "t-r+ay"   28  120.633598  58.669514  44.835503
  34        "s-k+w"   28  360.354553 178.989059  95.201508
  35       "b-l+uw"   12   18.392515  12.066401  17.197716
  36      "ae-ng+g"   28  220.794052 135.918961 179.563156
  37         "z+uw"    8  165.865524  42.181992  83.282333
  38       "r-iy+n"   12   77.009964  77.580025 281.746948
  39       "s-er+k"   28  136.902756 284.307373 320.848511
  40         "r+eh"   12   22.287479  18.143681  25.430090
  41       "w-eh+r"   28  228.788483  89.415337  63.011620
  42         "r-ao"   36   35.999420  63.058533  53.183117
  43         "r-iy"   12   19.986557  94.761703 262.768677
  44       "g-r+iy"   12   16.882254  17.386486  30.232677
  45         "s+er"   28   55.798328 130.319962 314.292175
  46         "ih+n"    4    6.098908   4.000589   4.755811
  47         "ih+r"   12   36.987564  21.911083  16.071072
  48         "ih-l"   36   57.724453  37.084839  92.227425
  49         "ih-n"    4   25.589066  14.366396 153.264832
  50      "ih-r+ey"   12   12.228082  14.667109  15.084164
  51         "ah-l"   56  141.716980  56.952915 127.501366
  52         "ah-n"   12   78.905052  99.848587 298.827850
  53      "er-k+ah"   28  148.563705 151.407272  84.509178
  54         "iy-n"   12   28.274307  37.522755 148.192062
